⠀⠀⠀⠀[38;2;31;130;236m⣷[38;2;32;130;236m⣤[38;2;33;128;235m⡀⠀⠀⠀⠀⠀⠀⠀⠀⠀⠀⠀⠀⠀⠀⠀⠀[38;2;83;131;242m⢀[38;2;85;131;244m⣤[38;2;86;131;244m⣾⠀⠀⠀⠀[0m
⠀⠀⠀[38;2;31;128;234m⢠[38;2;32;130;237m⣿[38;2;34;129;235m⣿[38;2;37;130;237m⣿[38;2;41;131;237m⣦[38;2;44;130;237m⣤[38;2;47;131;238m⣴[38;2;50;131;238m⣶[38;2;52;130;239m⣾[38;2;55;131;239m⣿[38;2;57;130;238m⣿[38;2;60;130;238m⣿[38;2;63;130;239m⣿[38;2;66;130;240m⣿[38;2;69;131;242m⣿[38;2;72;130;241m⣷[38;2;76;130;242m⣶[38;2;79;131;243m⣦[38;2;83;130;242m⣤[38;2;85;131;244m⣴[38;2;87;131;244m⣿[38;2;89;130;243m⣿[38;2;93;132;246m⣿[38;2;95;130;243m⡆⠀⠀⠀[0m
⠀⠀⠀[38;2;36;130;236m⢸[38;2;38;130;236m⣿[38;2;41;130;236m⣿[38;2;43;130;236m⣿[38;2;45;125;228m⡿[38;2;48;126;230m⠿[38;2;51;122;221m⠿[38;2;53;124;225m⠿[38;2;57;129;238m⠿[38;2;61;125;230m⣿[38;2;64;130;241m⣿[38;2;67;129;239m⣿[38;2;70;129;240m⣿[38;2;73;130;242m⣿[38;2;74;125;232m⣿[38;2;78;129;241m⠿[38;2;78;124;229m⠿[38;2;80;122;226m⠿[38;2;85;126;236m⠿[38;2;88;126;234m⢿[38;2;94;130;243m⣿[38;2;96;131;243m⣿[38;2;99;131;244m⣿[38;2;102;131;245m⡇⠀⠀⠀[0m
⠀⠀[38;2;42;131;237m⢀[38;2;42;132;238m⣿[38;2;44;121;218m⡿[38;2;45;124;225m⠋⠀[38;2;125;124;132m⣀[38;2;168;168;172m⣠[38;2;172;171;175m⣤[38;2;176;175;179m⣤[38;2;180;180;183m⣄[38;2;161;160;166m⣀[38;2;63;108;195m⠉[38;2;71;126;234m⠛[38;2;73;126;234m⠛[38;2;69;108;197m⠉[38;2;161;160;166m⣀[38;2;180;179;183m⣠[38;2;176;176;179m⣤[38;2;172;171;176m⣤[38;2;169;168;173m⣄[38;2;126;124;133m⣀[38;2;71;85;149m⠈[38;2;98;125;232m⠙[38;2;99;121;225m⢿[38;2;110;132;248m⣿[38;2;114;131;247m⡀⠀⠀[0m
⠀[38;2;45;130;239m⣰[38;2;46;127;232m⣿[38;2;46;117;211m⠋[38;2;151;151;157m⢀[38;2;187;187;190m⣴[38;2;208;208;208m⣾[38;2;213;213;213m⣿[38;2;212;212;211m⣿[38;2;211;211;211m⣿[38;2;211;211;211m⣿[38;2;211;211;211m⣿[38;2;213;213;213m⣿[38;2;203;203;204m⣿[38;2;198;198;199m⣶[38;2;198;198;199m⣶[38;2;204;203;204m⣿[38;2;213;213;213m⣿[38;2;211;211;211m⣿[38;2;212;212;211m⣿[38;2;213;213;213m⣿[38;2;214;214;213m⣿[38;2;213;213;213m⣿[38;2;208;208;208m⣷[38;2;187;187;190m⣦[38;2;152;151;158m⡀[38;2;104;117;218m⠙[38;2;117;128;241m⣿[38;2;124;132;249m⣄⠀[0m
[38;2;48;129;236m⢰[38;2;50;130;237m⣿[38;2;48;109;196m⠃[38;2;146;145;151m⣰[38;2;203;204;204m⣿[38;2;211;210;211m⣿[38;2;193;193;194m⣿[38;2;184;183;186m⣿[38;2;211;211;211m⣿[38;2;212;212;212m⣿[38;2;212;212;212m⣿[38;2;212;212;212m⣿[38;2;212;212;212m⣿[38;2;187;186;189m⡿[38;2;188;187;189m⠟[38;2;194;193;195m⠿[38;2;211;211;211m⣿[38;2;206;206;207m⣿[38;2;190;189;191m⠟[38;2;194;194;195m⠉[38;2;135;133;139m⠉[38;2;149;147;152m⠉[38;2;201;200;201m⠙[38;2;208;208;208m⢿[38;2;211;211;211m⣿[38;2;204;204;205m⣿[38;2;147;145;152m⣆[38;2;106;111;205m⠘[38;2;129;131;247m⣿[38;2;131;129;248m⡆[0m
[38;2;54;130;238m⣿[38;2;55;121;221m⡏[38;2;145;145;152m⢠[38;2;210;210;211m⣿[38;2;211;211;211m⣿[38;2;212;212;212m⣿[38;2;153;151;156m⠃[38;2;191;191;192m⣿[38;2;210;210;210m⣿[38;2;208;208;208m⣿[38;2;183;182;185m⣿[38;2;201;201;201m⣿[38;2;210;210;210m⣿[38;2;181;181;183m⣤[38;2;160;158;162m⣀[38;2;178;177;180m⣤[38;2;205;205;205m⣿[38;2;162;161;165m⠃⠀[38;2;192;192;193m⣠[38;2;201;200;201m⣶[38;2;191;191;192m⣿[38;2;197;197;198m⣷[38;2;156;154;158m⣜[38;2;213;213;213m⣿[38;2;211;211;211m⣿[38;2;210;210;211m⣿[38;2;147;145;152m⡄[38;2;127;122;228m⢹[38;2;138;131;250m⣿[0m
[38;2;61;132;242m⣿[38;2;58;107;192m⡇[38;2;206;206;208m⢸[38;2;212;212;212m⣿[38;2;211;211;211m⣿[38;2;194;194;195m⣿⠀[38;2;167;167;170m⠙[38;2;196;196;197m⠋[38;2;119;117;124m⢁[38;2;207;207;208m⣠[38;2;156;155;159m⣦[38;2;168;166;170m⠹[38;2;187;186;188m⣏⠀[38;2;145;143;148m⠈[38;2;187;186;188m⣿⠀[38;2;158;156;160m⣸[38;2;214;214;214m⣿[38;2;188;187;189m⡿[38;2;176;176;178m⠛[38;2;173;172;175m⠉[38;2;172;171;174m⠹[38;2;208;208;209m⣿[38;2;211;211;211m⣿[38;2;212;212;212m⣿[38;2;206;206;208m⡇[38;2;118;108;200m⢸[38;2;147;132;251m⣿[0m
[38;2;68;131;242m⣿[38;2;68;121;222m⡇[38;2;194;195;197m⢸[38;2;213;213;213m⣿[38;2;211;211;211m⣿[38;2;210;210;210m⣿[38;2;172;171;174m⣧[38;2;198;198;199m⣤[38;2;190;189;191m⣶[38;2;205;204;205m⣿[38;2;209;209;209m⣿[38;2;160;158;162m⠇⠀[38;2;184;184;186m⣿[38;2;166;165;168m⣦[38;2;111;108;115m⡀[38;2;176;175;178m⢻[38;2;187;186;188m⣧[38;2;163;162;165m⣙[38;2;127;125;131m⣁[38;2;177;176;179m⣠[38;2;183;182;184m⣶[38;2;178;177;180m⣦⠀[38;2;195;195;196m⣿[38;2;211;211;211m⣿[38;2;213;213;213m⣿[38;2;195;195;197m⡇[38;2;140;123;231m⢸[38;2;153;132;252m⣿[0m
[38;2;73;128;238m⠸[38;2;75;123;225m⣿[38;2;127;126;136m⠈[38;2;198;198;200m⣿[38;2;211;211;211m⣿[38;2;214;214;214m⣿[38;2;162;160;164m⡎[38;2;187;186;188m⠻[38;2;182;181;184m⠿[38;2;194;193;195m⠛[38;2;176;175;178m⠁⠀[38;2;179;177;180m⣰[38;2;215;215;214m⣿[38;2;210;210;210m⣿[38;2;207;206;207m⣿[38;2;197;196;197m⣷[38;2;195;194;195m⣿[38;2;213;213;213m⣿[38;2;214;214;213m⣿[38;2;212;212;212m⣿[38;2;210;210;210m⣿[38;2;186;185;187m⣿[38;2;155;153;157m⣰[38;2;213;213;213m⣿[38;2;211;211;211m⣿[38;2;198;198;200m⣿[38;2;110;102;136m⢁[38;2;148;125;231m⣿[38;2;155;130;250m⠇[0m
⠀[38;2;83;131;244m⠙[38;2;87;129;238m⣧[38;2;112;118;148m⡘[38;2;196;195;197m⢿[38;2;212;212;212m⣿[38;2;209;209;209m⣿[38;2;206;206;206m⣦[38;2;189;188;189m⣤[38;2;182;182;184m⣤[38;2;207;206;207m⣤[38;2;200;200;201m⣾[38;2;158;157;162m⡟[38;2;114;111;121m⠉⠀⠀[38;2;114;111;121m⠉[38;2;157;155;161m⢻[38;2;213;214;213m⣿[38;2;212;212;212m⣿[38;2;212;212;212m⣿[38;2;212;212;212m⣿[38;2;194;194;195m⣿[38;2;209;209;209m⣿[38;2;212;212;212m⣿[38;2;196;195;197m⡿[38;2;126;118;150m⢃[38;2;149;122;227m⣾[38;2;163;134;252m⠋⠀[0m
⠀⠀[38;2;92;129;242m⠈[38;2;98;134;248m⠳[38;2;102;132;246m⣄[38;2;171;170;175m⠙[38;2;187;186;189m⠿[38;2;193;193;195m⣿[38;2;211;211;211m⣿[38;2;213;213;213m⣿[38;2;214;214;214m⣿[38;2;215;215;215m⣿[38;2;154;153;159m⣇⠀⠀⠀⠀[38;2;155;153;160m⣸[38;2;215;215;215m⣿[38;2;214;214;214m⣿[38;2;214;214;214m⣿[38;2;211;211;212m⣿[38;2;193;193;195m⣿[38;2;187;186;189m⠿[38;2;150;146;163m⢋[38;2;165;133;250m⣠[38;2;167;135;252m⠞[38;2;163;131;251m⠁⠀⠀[0m
⠀⠀⠀⠀[38;2;106;132;250m⠈[38;2;107;128;235m⠻[38;2;108;124;230m⢶[38;2;115;128;240m⣤[38;2;101;106;181m⣬[38;2;127;130;195m⣉[38;2;122;123;185m⣩[38;2;117;118;202m⣥[38;2;126;125;236m⣴[38;2;126;122;230m⣆⠀⠀[38;2;135;122;231m⣰[38;2;140;125;237m⣦[38;2;132;118;203m⣬[38;2;136;124;186m⣍[38;2;144;130;195m⣉[38;2;125;107;182m⣥[38;2;157;129;244m⣤[38;2;155;125;234m⡶[38;2;160;129;239m⠟[38;2;167;134;255m⠁⠀⠀⠀⠀[0m
⠀⠀⠀⠀⠀⠀⠀[38;2;120;130;246m⠈[38;2;124;132;249m⠙[38;2;127;131;249m⠻[38;2;130;131;249m⠿[38;2;133;130;249m⢿[38;2;137;131;250m⣿[38;2;139;131;250m⣿[38;2;139;127;242m⣷[38;2;142;127;242m⣾[38;2;148;131;251m⣿[38;2;151;132;252m⣿[38;2;153;131;252m⡿[38;2;157;132;252m⠿[38;2;159;132;252m⠟[38;2;162;133;253m⠋[38;2;163;133;252m⠁⠀⠀⠀⠀⠀⠀⠀[0m
